depth,age
0.000000000000000000e+00,1.500000000000000000e+00
1.000000000000000021e-03,1.501399991117421839e+00
2.000000000000000042e-03,1.502799946705319689e+00
3.000000000000000062e-03,1.504199831237325924e+00
4.000000000000000083e-03,1.505599609193384092e+00
5.000000000000000104e-03,1.506999245062904613e+00
6.000000000000000125e-03,1.508398703347918923e+00
7.000000000000000146e-03,1.509797948566232062e+00
8.000000000000000167e-03,1.511196945254575708e+00
9.000000000000001055e-03,1.512595657971756768e+00
1.000000000000000021e-02,1.513994051301806198e+00
1.099999999999999936e-02,1.515392089857125146e+00
1.200000000000000025e-02,1.516789738281627553e+00
1.300000000000000114e-02,1.518186961253880751e+00
1.400000000000000029e-02,1.519583723490244065e+00
1.499999999999999944e-02,1.520979989748001415e+00
1.600000000000000033e-02,1.522375724828492149e+00
1.700000000000000122e-02,1.523770893580238761e+00
1.800000000000000211e-02,1.525165460902067505e+00
1.899999999999999953e-02,1.526559391746227456e+00
2.000000000000000042e-02,1.527952651121503580e+00
2.100000000000000130e-02,1.529345204096323796e+00
2.199999999999999872e-02,1.530737015801863610e+00
2.299999999999999961e-02,1.532128051435141414e+00
2.400000000000000050e-02,1.533518276262111568e+00
2.500000000000000139e-02,1.534907655620748379e+00
2.600000000000000228e-02,1.536296154924125856e+00
2.699999999999999969e-02,1.537683739663489701e+00
2.800000000000000058e-02,1.539070375411322189e+00
2.900000000000000147e-02,1.540456027824400387e+00
2.999999999999999889e-02,1.541840662646847493e+00
3.099999999999999978e-02,1.543224245713174403e+00
3.200000000000000067e-02,1.544606742951315281e+00
3.300000000000000155e-02,1.545988120385653808e+00
3.400000000000000244e-02,1.547368344140040985e+00
3.500000000000000333e-02,1.548747380440804511e+00
3.600000000000000422e-02,1.550125195619748597e+00
3.699999999999999817e-02,1.551501756117144470e+00
3.799999999999999906e-02,1.552877028484711319e+00
3.899999999999999994e-02,1.554250979388587917e+00
4.000000000000000083e-02,1.555623575612292253e+00
4.100000000000000172e-02,1.556994784059673620e+00
4.200000000000000261e-02,1.558364571757851591e+00
4.300000000000000350e-02,1.559732905860144347e+00
4.399999999999999745e-02,1.561099753648987232e+00
4.499999999999999833e-02,1.562465082538838423e+00
4.599999999999999922e-02,1.563828860079073735e+00
4.700000000000000011e-02,1.565191053956868528e+00
4.800000000000000100e-02,1.566551632000068528e+00
4.900000000000000189e-02,1.567910562180046652e+00
5.000000000000000278e-02,1.569267812614549396e+00
5.100000000000000366e-02,1.570623351570527015e+00
5.200000000000000455e-02,1.571977147466954161e+00
5.299999999999999850e-02,1.573329168877633411e+00
5.399999999999999939e-02,1.574679384533987703e+00
5.500000000000000028e-02,1.576027763327837228e+00
5.600000000000000117e-02,1.577374274314163438e+00
5.700000000000000205e-02,1.578718886713856850e+00
5.800000000000000294e-02,1.580061569916451525e+00
5.900000000000000383e-02,1.581402293482844001e+00
5.999999999999999778e-02,1.582741027147997137e+00
6.099999999999999867e-02,1.584077740823627956e+00
6.199999999999999956e-02,1.585412404600881064e+00
6.300000000000000044e-02,1.586744988752984753e+00
6.400000000000000133e-02,1.588075463737891324e+00
6.500000000000000222e-02,1.589403800200902106e+00
6.600000000000000311e-02,1.590729968977273590e+00
6.700000000000000400e-02,1.592053941094809577e+00
6.800000000000000488e-02,1.593375687776433125e+00
6.900000000000000577e-02,1.594695180442743387e+00
7.000000000000000666e-02,1.596012390714554696e+00
7.100000000000000755e-02,1.597327290415416545e+00
7.200000000000000844e-02,1.598639851574116699e+00
7.299999999999999545e-02,1.599950046427165651e+00
7.399999999999999634e-02,1.601257847421263092e+00
7.499999999999999722e-02,1.602563227215744845e+00
7.599999999999999811e-02,1.603866158685012255e+00
7.699999999999999900e-02,1.605166614920940038e+00
7.799999999999999989e-02,1.606464569235268591e+00
7.900000000000000078e-02,1.607759995161972544e+00
8.000000000000000167e-02,1.609052866459612874e+00
8.100000000000000255e-02,1.610343157113667933e+00
8.200000000000000344e-02,1.611630841338842934e+00
8.300000000000000433e-02,1.612915893581361670e+00
8.400000000000000522e-02,1.614198288521236035e+00
8.500000000000000611e-02,1.615478001074514225e+00
8.600000000000000699e-02,1.616755006395510064e+00
8.700000000000000788e-02,1.618029279879009463e+00
8.799999999999999489e-02,1.619300797162455563e+00
8.899999999999999578e-02,1.620569534128113220e+00
8.999999999999999667e-02,1.621835466905211520e+00
9.099999999999999756e-02,1.623098571872063411e+00
9.199999999999999845e-02,1.624358825658164474e+00
9.299999999999999933e-02,1.625616205146268811e+00
9.400000000000000022e-02,1.626870687474441635e+00
9.500000000000000111e-02,1.628122250038091412e+00
9.600000000000000200e-02,1.629370870491976486e+00
9.700000000000000289e-02,1.630616526752191042e+00
9.800000000000000377e-02,1.631859196998125094e+00
9.900000000000000466e-02,1.633098859674404491e+00
1.000000000000000056e-01,1.634335493492804714e+00
1.010000000000000064e-01,1.635569077434141594e+00
1.020000000000000073e-01,1.636799590750138922e+00
1.030000000000000082e-01,1.638027012965270979e+00
1.040000000000000091e-01,1.639251323878581967e+00
1.049999999999999961e-01,1.640472503565479023e+00
1.059999999999999970e-01,1.641690532379504130e+00
1.069999999999999979e-01,1.642905390954076950e+00
1.079999999999999988e-01,1.644117060204216552e+00
1.089999999999999997e-01,1.645325521328236507e+00
1.100000000000000006e-01,1.646530755809414215e+00
1.110000000000000014e-01,1.647732745417636480e+00
1.120000000000000023e-01,1.648931472211018212e+00
1.130000000000000032e-01,1.650126918537496712e+00
1.140000000000000041e-01,1.651319067036399302e+00
1.150000000000000050e-01,1.652507900639984983e+00
1.160000000000000059e-01,1.653693402574961446e+00
1.170000000000000068e-01,1.654875556363974098e+00
1.180000000000000077e-01,1.656054345827070229e+00
1.190000000000000085e-01,1.657229755083135858e+00
1.199999999999999956e-01,1.658401768551306832e+00
1.209999999999999964e-01,1.659570370952352381e+00
1.219999999999999973e-01,1.660735547310031812e+00
1.229999999999999982e-01,1.661897282952426558e+00
1.239999999999999991e-01,1.663055563513241575e+00
1.250000000000000000e-01,1.664210374933081882e+00
1.260000000000000009e-01,1.665361703460702447e+00
1.270000000000000018e-01,1.666509535654228324e+00
1.280000000000000027e-01,1.667653858382349252e+00
1.290000000000000036e-01,1.668794658825486277e+00
1.300000000000000044e-01,1.669931924476929508e+00
1.310000000000000053e-01,1.671065643143950341e+00
1.320000000000000062e-01,1.672195802948883481e+00
1.330000000000000071e-01,1.673322392330182762e+00
1.340000000000000080e-01,1.674445400043446774e+00
1.350000000000000089e-01,1.675564815162419841e+00
1.360000000000000098e-01,1.676680627079960351e+00
1.370000000000000107e-01,1.677792825508984009e+00
1.380000000000000115e-01,1.678901400483377993e+00
1.390000000000000124e-01,1.680006342358884908e+00
1.400000000000000133e-01,1.681107641813960552e+00
1.410000000000000142e-01,1.682205289850601915e+00
1.420000000000000151e-01,1.683299277795145654e+00
1.430000000000000160e-01,1.684389597299039032e+00
1.440000000000000169e-01,1.685476240339581544e+00
1.449999999999999900e-01,1.686559199220637240e+00
1.459999999999999909e-01,1.687638466573318619e+00
1.469999999999999918e-01,1.688714035356641219e+00
1.479999999999999927e-01,1.689785898858148894e+00
1.489999999999999936e-01,1.690854050694509558e+00
1.499999999999999944e-01,1.691918484812083179e+00
1.509999999999999953e-01,1.692979195487458899e+00
1.519999999999999962e-01,1.694036177327963522e+00
1.529999999999999971e-01,1.695089425272140682e+00
1.539999999999999980e-01,1.696138934590199598e+00
1.549999999999999989e-01,1.697184700884436737e+00
1.559999999999999998e-01,1.698226720089625275e+00
1.570000000000000007e-01,1.699264988473376148e+00
1.580000000000000016e-01,1.700299502636470672e+00
1.590000000000000024e-01,1.701330259513160748e+00
1.600000000000000033e-01,1.702357256371443306e+00
1.610000000000000042e-01,1.703380490813300785e+00
1.620000000000000051e-01,1.704399960774916289e+00
1.630000000000000060e-01,1.705415664526854780e+00
1.640000000000000069e-01,1.706427600674218281e+00
1.650000000000000078e-01,1.707435768156769340e+00
1.660000000000000087e-01,1.708440166249024728e+00
1.670000000000000095e-01,1.709440794560320720e+00
1.680000000000000104e-01,1.710437653034846850e+00
1.690000000000000113e-01,1.711430741951651679e+00
1.700000000000000122e-01,1.712420061924617487e+00
1.710000000000000131e-01,1.713405613902406088e+00
1.720000000000000140e-01,1.714387399168374460e+00
1.730000000000000149e-01,1.715365419340460607e+00
1.740000000000000158e-01,1.716339676371039680e+00
1.750000000000000167e-01,1.717310172546751224e+00
1.759999999999999898e-01,1.718276910488295339e+00
1.769999999999999907e-01,1.719239893150200871e+00
1.779999999999999916e-01,1.720199123820561171e+00
1.789999999999999925e-01,1.721154606120744335e+00
1.799999999999999933e-01,1.722106344005069678e+00
1.809999999999999942e-01,1.723054341760457575e+00
1.819999999999999951e-01,1.723998604006047541e+00
1.829999999999999960e-01,1.724939135692789671e+00
1.839999999999999969e-01,1.725875942103003435e+00
1.849999999999999978e-01,1.726809028849908501e+00
1.859999999999999987e-01,1.727738401877127128e+00
1.869999999999999996e-01,1.728664067458155484e+00
1.880000000000000004e-01,1.729586032195806311e+00
1.890000000000000013e-01,1.730504303021623169e+00
1.900000000000000022e-01,1.731418887195263157e+00
1.910000000000000031e-01,1.732329792303854532e+00
1.920000000000000040e-01,1.733237026261320590e+00
1.930000000000000049e-01,1.734140597307677334e+00
1.940000000000000058e-01,1.735040514008302281e+00
1.950000000000000067e-01,1.735936785253172410e+00
1.960000000000000075e-01,1.736829420256075895e+00
1.970000000000000084e-01,1.737718428553792327e+00
1.980000000000000093e-01,1.738603820005246714e+00
1.990000000000000102e-01,1.739485604790632856e+00
2.000000000000000111e-01,1.740363793410509619e+00
2.010000000000000120e-01,1.741238396684868128e+00
2.020000000000000129e-01,1.742109425752170537e+00
2.030000000000000138e-01,1.742976892068361039e+00
2.040000000000000147e-01,1.743840807405847793e+00
2.050000000000000155e-01,1.744701183852456872e+00
2.060000000000000164e-01,1.745558033810360232e+00
2.070000000000000173e-01,1.746411369994971929e+00
2.080000000000000182e-01,1.747261205433820130e+00
2.089999999999999913e-01,1.748107553465389374e+00
2.099999999999999922e-01,1.748950427737936186e+00
2.109999999999999931e-01,1.749789842208276047e+00
2.119999999999999940e-01,1.750625811140544164e+00
2.129999999999999949e-01,1.751458349104928480e+00
2.139999999999999958e-01,1.752287470976375161e+00
2.149999999999999967e-01,1.753113191933267867e+00
2.159999999999999976e-01,1.753935527456078614e+00
2.169999999999999984e-01,1.754754493325993758e+00
2.179999999999999993e-01,1.755570105623511346e+00
2.190000000000000002e-01,1.756382380727013359e+00
2.200000000000000011e-01,1.757191335311310665e+00
2.210000000000000020e-01,1.757996986346161528e+00
2.220000000000000029e-01,1.758799351094764596e+00
2.230000000000000038e-01,1.759598447112226127e+00
2.240000000000000047e-01,1.760394292243999237e+00
2.250000000000000056e-01,1.761186904624299832e+00
2.260000000000000064e-01,1.761976302674495232e+00
2.270000000000000073e-01,1.762762505101468591e+00
2.280000000000000082e-01,1.763545530895956226e+00
2.290000000000000091e-01,1.764325399330862076e+00
2.300000000000000100e-01,1.765102129959544186e+00
2.310000000000000109e-01,1.765875742614079424e+00
2.320000000000000118e-01,1.766646257403500675e+00
2.330000000000000127e-01,1.767413694712010930e+00
2.340000000000000135e-01,1.768178075197173627e+00
2.350000000000000144e-01,1.768939419788076339e+00
2.360000000000000153e-01,1.769697749683472265e+00
2.370000000000000162e-01,1.770453086349897509e+00
2.380000000000000171e-01,1.771205451519763940e+00
2.390000000000000180e-01,1.771954867189429406e+00
2.399999999999999911e-01,1.772701355617242402e+00
2.409999999999999920e-01,1.773444939321567215e+00
2.419999999999999929e-01,1.774185641078781517e+00
2.429999999999999938e-01,1.774923483921254652e+00
2.439999999999999947e-01,1.775658491135301054e+00
2.449999999999999956e-01,1.776390686259112339e+00
2.459999999999999964e-01,1.777120093080665875e+00
2.469999999999999973e-01,1.777846735635612463e+00
2.479999999999999982e-01,1.778570638205140941e+00
2.489999999999999991e-01,1.779291825313821684e+00
2.500000000000000000e-01,1.780010321727427680e+00
2.510000000000000009e-01,1.780726152450734956e+00
2.520000000000000018e-01,1.781439342725302133e+00
2.530000000000000027e-01,1.782149918027227109e+00
2.540000000000000036e-01,1.782857904064885091e+00
2.550000000000000044e-01,1.783563326776644864e+00
2.560000000000000053e-01,1.784266212328564416e+00
2.570000000000000062e-01,1.784966587112066794e+00
2.580000000000000071e-01,1.785664477741596201e+00
2.590000000000000080e-01,1.786359911052253668e+00
2.600000000000000089e-01,1.787052914097414069e+00
2.610000000000000098e-01,1.787743514146321377e+00
2.620000000000000107e-01,1.788431738681668826e+00
2.630000000000000115e-01,1.789117615397155303e+00
2.640000000000000124e-01,1.789801172195027767e+00
2.650000000000000133e-01,1.790482437183600783e+00
2.660000000000000142e-01,1.791161438674760964e+00
2.670000000000000151e-01,1.791838205181452315e+00
2.680000000000000160e-01,1.792512765415142484e+00
2.690000000000000169e-01,1.793185148283273023e+00
2.700000000000000178e-01,1.793855382886692329e+00
2.710000000000000187e-01,1.794523498517069271e+00
2.720000000000000195e-01,1.795189524654292601e+00
2.730000000000000204e-01,1.795853490963852161e+00
2.740000000000000213e-01,1.796515427294202993e+00
2.750000000000000222e-01,1.797175363674115234e+00
2.760000000000000231e-01,1.797833330310005806e+00
2.770000000000000240e-01,1.798489357583255455e+00
2.780000000000000249e-01,1.799143476047511125e+00
2.790000000000000258e-01,1.799795716425970582e+00
2.800000000000000266e-01,1.800446109608654144e+00
2.810000000000000275e-01,1.801094686649660659e+00
2.820000000000000284e-01,1.801741478764409488e+00
2.830000000000000293e-01,1.802386517326867388e+00
2.840000000000000302e-01,1.803029833866761411e+00
2.850000000000000311e-01,1.803671460066779142e+00
2.860000000000000320e-01,1.804311427759753395e+00
2.870000000000000329e-01,1.804949768925835363e+00
2.880000000000000338e-01,1.805586515689654226e+00
2.889999999999999791e-01,1.806221700317462320e+00
2.899999999999999800e-01,1.806855355214270764e+00
2.909999999999999809e-01,1.807487512920969541e+00
2.919999999999999818e-01,1.808118206111438475e+00
2.929999999999999827e-01,1.808747467589643332e+00
2.939999999999999836e-01,1.809375330286723482e+00
2.949999999999999845e-01,1.810001827258065799e+00
2.959999999999999853e-01,1.810626991680369002e+00
2.969999999999999862e-01,1.811250856848696689e+00
2.979999999999999871e-01,1.811873456173518804e+00
2.989999999999999880e-01,1.812494823177746017e+00
2.999999999999999889e-01,1.813114991493750328e+00
3.009999999999999898e-01,1.813733994860377674e+00
3.019999999999999907e-01,1.814351867119952555e+00
3.029999999999999916e-01,1.814968642215269989e+00
3.039999999999999925e-01,1.815584354186581928e+00
3.049999999999999933e-01,1.816199037168573227e+00
3.059999999999999942e-01,1.816812725387329186e+00
3.069999999999999951e-01,1.817425453157295978e+00
3.079999999999999960e-01,1.818037254878232201e+00
3.089999999999999969e-01,1.818648165032153763e+00
3.099999999999999978e-01,1.819258218180270781e+00
3.109999999999999987e-01,1.819867448959916700e+00
3.119999999999999996e-01,1.820475892081473868e+00
3.130000000000000004e-01,1.821083582325287775e+00
3.140000000000000013e-01,1.821690554538579310e+00
3.150000000000000022e-01,1.822296843632349228e+00
3.160000000000000031e-01,1.822902484578276638e+00
3.170000000000000040e-01,1.823507512405613040e+00
3.180000000000000049e-01,1.824111962198070591e+00
3.190000000000000058e-01,1.824715869090705489e+00
3.200000000000000067e-01,1.825319268266798245e+00
3.210000000000000075e-01,1.825922194954726852e+00
3.220000000000000084e-01,1.826524684424839062e+00
3.230000000000000093e-01,1.827126771986318232e+00
3.240000000000000102e-01,1.827728492984048492e+00
3.250000000000000111e-01,1.828329882795473260e+00
3.260000000000000120e-01,1.828930976827454202e+00
3.270000000000000129e-01,1.829531810513126411e+00
3.280000000000000138e-01,1.830132419308749592e+00
3.290000000000000147e-01,1.830732838690559916e+00
3.300000000000000155e-01,1.831333104151618096e+00
3.310000000000000164e-01,1.831933251198657686e+00
3.320000000000000173e-01,1.832533315348929381e+00
3.330000000000000182e-01,1.833133332127048432e+00
3.340000000000000191e-01,1.833733337061836721e+00
3.350000000000000200e-01,1.834333365683169292e+00
3.360000000000000209e-01,1.834933453518816204e+00
3.370000000000000218e-01,1.835533636091288612e+00
3.380000000000000226e-01,1.836133948914681957e+00
3.390000000000000235e-01,1.836734427491522492e+00
3.400000000000000244e-01,1.837335107309612914e+00
3.410000000000000253e-01,1.837936023838880661e+00
3.420000000000000262e-01,1.838537212528227549e+00
3.430000000000000271e-01,1.839138708802379618e+00
3.440000000000000280e-01,1.839740548058742320e+00
3.450000000000000289e-01,1.840342765664255031e+00
3.460000000000000298e-01,1.840945396952250013e+00
3.470000000000000306e-01,1.841548477219314028e+00
3.480000000000000315e-01,1.842152041722152411e+00
3.490000000000000324e-01,1.842756125674458900e+00
3.500000000000000333e-01,1.843360764243785255e+00
3.510000000000000342e-01,1.843965992548420640e+00
3.519999999999999796e-01,1.844571845654268794e+00
3.529999999999999805e-01,1.845178358571736510e+00
3.539999999999999813e-01,1.845785566252621468e+00
3.549999999999999822e-01,1.846393503587008267e+00
3.559999999999999831e-01,1.847002205400170460e+00
3.569999999999999840e-01,1.847611706449474811e+00
3.579999999999999849e-01,1.848222041421296646e+00
3.589999999999999858e-01,1.848833244927936548e+00
3.599999999999999867e-01,1.849445351504547030e+00
3.609999999999999876e-01,1.850058395606064998e+00
3.619999999999999885e-01,1.850672411604150636e+00
3.629999999999999893e-01,1.851287433784134739e+00
3.639999999999999902e-01,1.851903496341973376e+00
3.649999999999999911e-01,1.852520633381210313e+00
3.659999999999999920e-01,1.853138878909947218e+00
3.669999999999999929e-01,1.853758266837823632e+00
3.679999999999999938e-01,1.854378830973004710e+00
3.689999999999999947e-01,1.855000605019177407e+00
3.699999999999999956e-01,1.855623622572558418e+00
3.709999999999999964e-01,1.856247917118908131e+00
3.719999999999999973e-01,1.856873522030557444e+00
3.729999999999999982e-01,1.857500470563442807e+00
3.739999999999999991e-01,1.858128795854152360e+00
3.750000000000000000e-01,1.858758530916983176e+00
3.760000000000000009e-01,1.859389708641007832e+00
3.770000000000000018e-01,1.860022361787153189e+00
3.780000000000000027e-01,1.860656522985291161e+00
3.790000000000000036e-01,1.861292224731339262e+00
3.800000000000000044e-01,1.861929499384374687e+00
3.810000000000000053e-01,1.862568379163760390e+00
3.820000000000000062e-01,1.863208896146282267e+00
3.830000000000000071e-01,1.863851082263300540e+00
3.840000000000000080e-01,1.864494969297913141e+00
3.850000000000000089e-01,1.865140588882132633e+00
3.860000000000000098e-01,1.865787972494076907e+00
3.870000000000000107e-01,1.866437151455172083e+00
3.880000000000000115e-01,1.867088156927371401e+00
3.890000000000000124e-01,1.867741019910386990e+00
3.900000000000000133e-01,1.868395771238935410e+00
3.910000000000000142e-01,1.869052441580000501e+00
3.920000000000000151e-01,1.869711061430107346e+00
3.930000000000000160e-01,1.870371661112614881e+00
3.940000000000000169e-01,1.871034270775021602e+00
3.950000000000000178e-01,1.871698920386288378e+00
3.960000000000000187e-01,1.872365639734175469e+00
3.970000000000000195e-01,1.873034458422597748e+00
3.980000000000000204e-01,1.873705405868994145e+00
3.990000000000000213e-01,1.874378511301714845e+00
4.000000000000000222e-01,1.875053803757425808e+00
4.010000000000000231e-01,1.875731312078528390e+00
4.020000000000000240e-01,1.876411064910598281e+00
4.030000000000000249e-01,1.877093090699840428e+00
4.040000000000000258e-01,1.877777417690563055e+00
4.050000000000000266e-01,1.878464073922668121e+00
4.060000000000000275e-01,1.879153087229160857e+00
4.070000000000000284e-01,1.879844485233677087e+00
4.080000000000000293e-01,1.880538295348030964e+00
4.090000000000000302e-01,1.881234544769778472e+00
4.100000000000000311e-01,1.881933260479802028e+00
4.110000000000000320e-01,1.882634469239914621e+00
4.120000000000000329e-01,1.883338197590481489e+00
4.130000000000000338e-01,1.884044471848064006e+00
4.140000000000000346e-01,1.884753318103080666e+00
4.150000000000000355e-01,1.885464762217490486e+00
4.160000000000000364e-01,1.886178829822495961e+00
4.169999999999999818e-01,1.886895546316265548e+00
4.179999999999999827e-01,1.887614936861678583e+00
4.189999999999999836e-01,1.888337026384088624e+00
4.199999999999999845e-01,1.889061839569111889e+00
4.209999999999999853e-01,1.889789400860432123e+00
4.219999999999999862e-01,1.890519734457630774e+00
4.229999999999999871e-01,1.891252864314036941e+00
4.239999999999999880e-01,1.891988814134599961e+00
4.249999999999999889e-01,1.892727607373783316e+00
4.259999999999999898e-01,1.893469267233481856e+00
4.269999999999999907e-01,1.894213816660960781e+00
4.279999999999999916e-01,1.894961278346817046e+00
4.289999999999999925e-01,1.895711674722963425e+00
4.299999999999999933e-01,1.896465027960637650e+00
4.309999999999999942e-01,1.897221359968430665e+00
4.319999999999999951e-01,1.897980692390343060e+00
4.329999999999999960e-01,1.898743046603860396e+00
4.339999999999999969e-01,1.899508443718055384e+00
4.349999999999999978e-01,1.900276904571712944e+00
4.359999999999999987e-01,1.901048449731479018e+00
4.369999999999999996e-01,1.901823099490033142e+00
4.380000000000000004e-01,1.902600873864287001e+00
4.390000000000000013e-01,1.903381792593605626e+00
4.400000000000000022e-01,1.904165875138054131e+00
4.410000000000000031e-01,1.904953140676669321e+00
4.420000000000000040e-01,1.905743608105756159e+00
4.430000000000000049e-01,1.906537296037209117e+00
4.440000000000000058e-01,1.907334222796859047e+00
4.450000000000000067e-01,1.908134406422845597e+00
4.460000000000000075e-01,1.908937864664014050e+00
4.470000000000000084e-01,1.909744614978339916e+00
4.480000000000000093e-01,1.910554674531377950e+00
4.490000000000000102e-01,1.911368060194736707e+00
4.500000000000000111e-01,1.912184788544580627e+00
4.510000000000000120e-01,1.913004875860157217e+00
4.520000000000000129e-01,1.913828338122351758e+00
4.530000000000000138e-01,1.914655191012266444e+00
4.540000000000000147e-01,1.915485449909829052e+00
4.550000000000000155e-01,1.916319129892425810e+00
4.560000000000000164e-01,1.917156245733562026e+00
4.570000000000000173e-01,1.917996811901550691e+00
4.580000000000000182e-01,1.918840842558226623e+00
4.590000000000000191e-01,1.919688351557688577e+00
4.600000000000000200e-01,1.920539352445069348e+00
4.610000000000000209e-01,1.921393858455331172e+00
4.620000000000000218e-01,1.922251882512091781e+00
4.630000000000000226e-01,1.923113437226475098e+00
4.640000000000000235e-01,1.923978534895992354e+00
4.650000000000000244e-01,1.924847187503448076e+00
4.660000000000000253e-01,1.925719406715877380e+00
4.670000000000000262e-01,1.926595203883508578e+00
4.680000000000000271e-01,1.927474590038755542e+00
4.690000000000000280e-01,1.928357575895237153e+00
4.700000000000000289e-01,1.929244171846826283e+00
4.710000000000000298e-01,1.930134387966726317e+00
4.720000000000000306e-01,1.931028234006576305e+00
4.730000000000000315e-01,1.931925719395584551e+00
4.740000000000000324e-01,1.932826853239691722e+00
4.750000000000000333e-01,1.933731644320761500e+00
4.760000000000000342e-01,1.934640101095800535e+00
4.770000000000000351e-01,1.935552231696207048e+00
4.780000000000000360e-01,1.936468043927049631e+00
4.790000000000000369e-01,1.937387545266372690e+00
4.799999999999999822e-01,1.938310742864532532e+00
4.809999999999999831e-01,1.939237643543562317e+00
4.819999999999999840e-01,1.940168253796566988e+00
4.829999999999999849e-01,1.941102579787144844e+00
4.839999999999999858e-01,1.942040627348840864e+00
4.849999999999999867e-01,1.942982401984629348e+00
4.859999999999999876e-01,1.943927908866423193e+00
4.869999999999999885e-01,1.944877152834616929e+00
4.879999999999999893e-01,1.945830138397654174e+00
4.889999999999999902e-01,1.946786869731629288e+00
4.899999999999999911e-01,1.947747350679915446e+00
4.909999999999999920e-01,1.948711584752823356e+00
4.919999999999999929e-01,1.949679575127289510e+00
4.929999999999999938e-01,1.950651324646593521e+00
4.939999999999999947e-01,1.951626835820106987e+00
4.949999999999999956e-01,1.952606110823068564e+00
4.959999999999999964e-01,1.953589151496392784e+00
4.969999999999999973e-01,1.954575959346504632e+00
4.979999999999999982e-01,1.955566535545207429e+00
4.989999999999999991e-01,1.956560880929577806e+00
5.000000000000000000e-01,1.957558996001891094e+00
5.010000000000000009e-01,1.958560880929577808e+00
5.020000000000000018e-01,1.959566535545207433e+00
5.030000000000000027e-01,1.960575959346504638e+00
5.040000000000000036e-01,1.961589151496392791e+00
5.050000000000000044e-01,1.962606110823068573e+00
5.060000000000000053e-01,1.963626835820106997e+00
5.070000000000000062e-01,1.964651324646593533e+00
5.080000000000000071e-01,1.965679575127289525e+00
5.090000000000000080e-01,1.966711584752823594e+00
5.100000000000000089e-01,1.967747350679915463e+00
5.110000000000000098e-01,1.968786869731629308e+00
5.120000000000000107e-01,1.969830138397654196e+00
5.130000000000000115e-01,1.970877152834616730e+00
5.140000000000000124e-01,1.971927908866423218e+00
5.150000000000000133e-01,1.972982401984629153e+00
5.160000000000000142e-01,1.974040627348840893e+00
5.170000000000000151e-01,1.975102579787144874e+00
5.180000000000000160e-01,1.976168253796567020e+00
5.190000000000000169e-01,1.977237643543562573e+00
5.200000000000000178e-01,1.978310742864532568e+00
5.210000000000000187e-01,1.979387545266372728e+00
5.220000000000000195e-01,1.980468043927049671e+00
5.230000000000000204e-01,1.981552231696207089e+00
5.240000000000000213e-01,1.982640101095800578e+00
5.250000000000000222e-01,1.983731644320761545e+00
5.260000000000000231e-01,1.984826853239691768e+00
5.270000000000000240e-01,1.985925719395584599e+00
5.280000000000000249e-01,1.987028234006576355e+00
5.290000000000000258e-01,1.988134387966726369e+00
5.300000000000000266e-01,1.989244171846826337e+00
5.310000000000000275e-01,1.990357575895237208e+00
5.320000000000000284e-01,1.991474590038755377e+00
5.330000000000000293e-01,1.992595203883508637e+00
5.340000000000000302e-01,1.993719406715877440e+00
5.350000000000000311e-01,1.994847187503447916e+00
5.360000000000000320e-01,1.995978534895992196e+00
5.370000000000000329e-01,1.997113437226475163e+00
5.380000000000000338e-01,1.998251882512091626e+00
5.390000000000000346e-01,1.999393858455331241e+00
5.400000000000000355e-01,2.000539352445069419e+00
5.410000000000000364e-01,2.001688351557688428e+00
5.420000000000000373e-01,2.002840842558226697e+00
5.430000000000000382e-01,2.003996811901550767e+00
5.440000000000000391e-01,2.005156245733561882e+00
5.450000000000000400e-01,2.006319129892425668e+00
5.460000000000000409e-01,2.007485449909829356e+00
5.470000000000000417e-01,2.008655191012266528e+00
5.480000000000000426e-01,2.009828338122351621e+00
5.490000000000000435e-01,2.011004875860157526e+00
5.500000000000000444e-01,2.012184788544580716e+00
5.510000000000000453e-01,2.013368060194736575e+00
5.520000000000000462e-01,2.014554674531377820e+00
5.530000000000000471e-01,2.015744614978340010e+00
5.540000000000000480e-01,2.016937864664013702e+00
5.550000000000000488e-01,2.018134406422845473e+00
5.560000000000000497e-01,2.019334222796858924e+00
5.570000000000000506e-01,2.020537296037208996e+00
5.580000000000000515e-01,2.021743608105756262e+00
5.590000000000000524e-01,2.022953140676669648e+00
5.600000000000000533e-01,2.024165875138054460e+00
5.610000000000000542e-01,2.025381792593605734e+00
5.620000000000000551e-01,2.026600873864287333e+00
5.630000000000000560e-01,2.027823099490033698e+00
5.640000000000000568e-01,2.029048449731479131e+00
5.650000000000000577e-01,2.030276904571713281e+00
5.660000000000000586e-01,2.031508443718055723e+00
5.670000000000000595e-01,2.032743046603860737e+00
5.680000000000000604e-01,2.033980692390343403e+00
5.690000000000000613e-01,2.035221359968431010e+00
5.700000000000000622e-01,2.036465027960637997e+00
5.710000000000000631e-01,2.037711674722963551e+00
5.720000000000000639e-01,2.038961278346817174e+00
5.730000000000000648e-01,2.040213816660961132e+00
5.740000000000000657e-01,2.041469267233482210e+00
5.750000000000000666e-01,2.042727607373783449e+00
5.760000000000000675e-01,2.043988814134600318e+00
5.769999999999999574e-01,2.045252864314036856e+00
5.779999999999999583e-01,2.046519734457630690e+00
5.789999999999999591e-01,2.047789400860432263e+00
5.799999999999999600e-01,2.049061839569112031e+00
5.809999999999999609e-01,2.050337026384088546e+00
5.819999999999999618e-01,2.051614936861678729e+00
5.829999999999999627e-01,2.052895546316265474e+00
5.839999999999999636e-01,2.054178829822495889e+00
5.849999999999999645e-01,2.055464762217490637e+00
5.859999999999999654e-01,2.056753318103080375e+00
5.869999999999999662e-01,2.058044471848063939e+00
5.879999999999999671e-01,2.059338197590481645e+00
5.889999999999999680e-01,2.060634469239914779e+00
5.899999999999999689e-01,2.061933260479801966e+00
5.909999999999999698e-01,2.063234544769778189e+00
5.919999999999999707e-01,2.064538295348031127e+00
5.929999999999999716e-01,2.065844485233677030e+00
5.939999999999999725e-01,2.067153087229160580e+00
5.949999999999999734e-01,2.068464073922668067e+00
5.959999999999999742e-01,2.069777417690563226e+00
5.969999999999999751e-01,2.071093090699840378e+00
5.979999999999999760e-01,2.072411064910598011e+00
5.989999999999999769e-01,2.073731312078527900e+00
5.999999999999999778e-01,2.075053803757425541e+00
6.009999999999999787e-01,2.076378511301714802e+00
6.019999999999999796e-01,2.077705405868993882e+00
6.029999999999999805e-01,2.079034458422597709e+00
6.039999999999999813e-01,2.080365639734175431e+00
6.049999999999999822e-01,2.081698920386287899e+00
6.059999999999999831e-01,2.083034270775021568e+00
6.069999999999999840e-01,2.084371661112614404e+00
6.079999999999999849e-01,2.085711061430107094e+00
6.089999999999999858e-01,2.087052441580000028e+00
6.099999999999999867e-01,2.088395771238935161e+00
6.109999999999999876e-01,2.089741019910386299e+00
6.119999999999999885e-01,2.091088156927371156e+00
6.129999999999999893e-01,2.092437151455171396e+00
6.139999999999999902e-01,2.093787972494076222e+00
6.149999999999999911e-01,2.095140588882132171e+00
6.159999999999999920e-01,2.096494969297912903e+00
6.169999999999999929e-01,2.097851082263300082e+00
6.179999999999999938e-01,2.099208896146282033e+00
6.189999999999999947e-01,2.100568379163759936e+00
6.199999999999999956e-01,2.101929499384374456e+00
6.209999999999999964e-01,2.103292224731339033e+00
6.219999999999999973e-01,2.104656522985290934e+00
6.229999999999999982e-01,2.106022361787152519e+00
6.239999999999999991e-01,2.107389708641007164e+00
6.250000000000000000e-01,2.108758530916982732e+00
6.260000000000000009e-01,2.110128795854151917e+00
6.270000000000000018e-01,2.111500470563442367e+00
6.280000000000000027e-01,2.112873522030557005e+00
6.290000000000000036e-01,2.114247917118907694e+00
6.300000000000000044e-01,2.115623622572558205e+00
6.310000000000000053e-01,2.117000605019176973e+00
6.320000000000000062e-01,2.118378830973004501e+00
6.330000000000000071e-01,2.119758266837823424e+00
6.340000000000000080e-01,2.121138878909947234e+00
6.350000000000000089e-01,2.122520633381210331e+00
6.360000000000000098e-01,2.123903496341973174e+00
6.370000000000000107e-01,2.125287433784134539e+00
6.380000000000000115e-01,2.126672411604150437e+00
6.390000000000000124e-01,2.128058395606064579e+00
6.400000000000000133e-01,2.129445351504546835e+00
6.410000000000000142e-01,2.130833244927936576e+00
6.420000000000000151e-01,2.132222041421296677e+00
6.430000000000000160e-01,2.133611706449475065e+00
6.440000000000000169e-01,2.135002205400170272e+00
6.450000000000000178e-01,2.136393503587008524e+00
6.460000000000000187e-01,2.137785566252621283e+00
6.470000000000000195e-01,2.139178358571736549e+00
6.480000000000000204e-01,2.140571845654268834e+00
6.490000000000000213e-01,2.141965992548420239e+00
6.500000000000000222e-01,2.143360764243785077e+00
6.510000000000000231e-01,2.144756125674458502e+00
6.520000000000000240e-01,2.146152041722152681e+00
6.530000000000000249e-01,2.147548477219313856e+00
6.540000000000000258e-01,2.148945396952250064e+00
6.550000000000000266e-01,2.150342765664254863e+00
6.560000000000000275e-01,2.151740548058742153e+00
6.570000000000000284e-01,2.153138708802379675e+00
6.580000000000000293e-01,2.154537212528227386e+00
6.590000000000000302e-01,2.155936023838880722e+00
6.600000000000000311e-01,2.157335107309612532e+00
6.610000000000000320e-01,2.158734427491522112e+00
6.620000000000000329e-01,2.160133948914682023e+00
6.630000000000000338e-01,2.161533636091288457e+00
6.640000000000000346e-01,2.162933453518816052e+00
6.650000000000000355e-01,2.164333365683169141e+00
6.660000000000000364e-01,2.165733337061836572e+00
6.670000000000000373e-01,2.167133332127048284e+00
6.680000000000000382e-01,2.168533315348929680e+00
6.690000000000000391e-01,2.169933251198657764e+00
6.700000000000000400e-01,2.171333104151618176e+00
6.710000000000000409e-01,2.172732838690559998e+00
6.720000000000000417e-01,2.174132419308749675e+00
6.730000000000000426e-01,2.175531810513126274e+00
6.740000000000000435e-01,2.176930976827454511e+00
6.750000000000000444e-01,2.178329882795473349e+00
6.760000000000000453e-01,2.179728492984048582e+00
6.770000000000000462e-01,2.181126771986318325e+00
6.780000000000000471e-01,2.182524684424838934e+00
6.790000000000000480e-01,2.183922194954726947e+00
6.800000000000000488e-01,2.185319268266798343e+00
6.810000000000000497e-01,2.186715869090705588e+00
6.820000000000000506e-01,2.188111962198070692e+00
6.830000000000000515e-01,2.189507512405612921e+00
6.840000000000000524e-01,2.190902484578276521e+00
6.850000000000000533e-01,2.192296843632349113e+00
6.860000000000000542e-01,2.193690554538579196e+00
6.870000000000000551e-01,2.195083582325287441e+00
6.880000000000000560e-01,2.196475892081473535e+00
6.890000000000000568e-01,2.197867448959916814e+00
6.900000000000000577e-01,2.199258218180270674e+00
6.910000000000000586e-01,2.200648165032153436e+00
6.920000000000000595e-01,2.202037254878232098e+00
6.930000000000000604e-01,2.203425453157295877e+00
6.940000000000000613e-01,2.204812725387328864e+00
6.950000000000000622e-01,2.206199037168572907e+00
6.960000000000000631e-01,2.207584354186581610e+00
6.970000000000000639e-01,2.208968642215269895e+00
6.980000000000000648e-01,2.210351867119952463e+00
6.990000000000000657e-01,2.211733994860377805e+00
7.000000000000000666e-01,2.213114991493750239e+00
7.010000000000000675e-01,2.214494823177745708e+00
7.020000000000000684e-01,2.215873456173518719e+00
7.030000000000000693e-01,2.217250856848696383e+00
7.039999999999999591e-01,2.218626991680368921e+00
7.049999999999999600e-01,2.220001827258065497e+00
7.059999999999999609e-01,2.221375330286723404e+00
7.069999999999999618e-01,2.222747467589643033e+00
7.079999999999999627e-01,2.224118206111438401e+00
7.089999999999999636e-01,2.225487512920969468e+00
7.099999999999999645e-01,2.226855355214270471e+00
7.109999999999999654e-01,2.228221700317462250e+00
7.119999999999999662e-01,2.229586515689653936e+00
7.129999999999999671e-01,2.230949768925835297e+00
7.139999999999999680e-01,2.232311427759753109e+00
7.149999999999999689e-01,2.233671460066778636e+00
7.159999999999999698e-01,2.235029833866761351e+00
7.169999999999999707e-01,2.236386517326867107e+00
7.179999999999999716e-01,2.237741478764409209e+00
7.189999999999999725e-01,2.239094686649660382e+00
7.199999999999999734e-01,2.240446109608653646e+00
7.209999999999999742e-01,2.241795716425970308e+00
7.219999999999999751e-01,2.243143476047510632e+00
7.229999999999999760e-01,2.244489357583255185e+00
7.239999999999999769e-01,2.245833330310005316e+00
7.249999999999999778e-01,2.247175363674115189e+00
7.259999999999999787e-01,2.248515427294202951e+00
7.269999999999999796e-01,2.249853490963851677e+00
7.279999999999999805e-01,2.251189524654292562e+00
7.289999999999999813e-01,2.252523498517069012e+00
7.299999999999999822e-01,2.253855382886691849e+00
7.309999999999999831e-01,2.255185148283272767e+00
7.319999999999999840e-01,2.256512765415142230e+00
7.329999999999999849e-01,2.257838205181452285e+00
7.339999999999999858e-01,2.259161438674760713e+00
7.349999999999999867e-01,2.260482437183600535e+00
7.359999999999999876e-01,2.261801172195027299e+00
7.369999999999999885e-01,2.263117615397154836e+00
7.379999999999999893e-01,2.264431738681668360e+00
7.389999999999999902e-01,2.265743514146321136e+00
7.399999999999999911e-01,2.267052914097413829e+00
7.409999999999999920e-01,2.268359911052253430e+00
7.419999999999999929e-01,2.269664477741596187e+00
7.429999999999999938e-01,2.270966587112066559e+00
7.439999999999999947e-01,2.272266212328564183e+00
7.449999999999999956e-01,2.273563326776644633e+00
7.459999999999999964e-01,2.274857904064885084e+00
7.469999999999999973e-01,2.276149918027226882e+00
7.479999999999999982e-01,2.277439342725301685e+00
7.489999999999999991e-01,2.278726152450734510e+00
7.500000000000000000e-01,2.280010321727427236e+00
7.510000000000000009e-01,2.281291825313821242e+00
7.520000000000000018e-01,2.282570638205140945e+00
7.530000000000000027e-01,2.283846735635612024e+00
7.540000000000000036e-01,2.285120093080665438e+00
7.550000000000000044e-01,2.286390686259112126e+00
7.560000000000000053e-01,2.287658491135300842e+00
7.570000000000000062e-01,2.288923483921254665e+00
7.580000000000000071e-01,2.290185641078781309e+00
7.590000000000000080e-01,2.291444939321567009e+00
7.600000000000000089e-01,2.292701355617242420e+00
7.610000000000000098e-01,2.293954867189428981e+00
7.620000000000000107e-01,2.295205451519763962e+00
7.630000000000000115e-01,2.296453086349897088e+00
7.640000000000000124e-01,2.297697749683472068e+00
7.650000000000000133e-01,2.298939419788076144e+00
7.660000000000000142e-01,2.300178075197173655e+00
7.670000000000000151e-01,2.301413694712010738e+00
7.680000000000000160e-01,2.302646257403500485e+00
7.690000000000000169e-01,2.303875742614079236e+00
7.700000000000000178e-01,2.305102129959543777e+00
7.710000000000000187e-01,2.306325399330861892e+00
7.720000000000000195e-01,2.307545530895955821e+00
7.730000000000000204e-01,2.308762505101467966e+00
7.740000000000000213e-01,2.309976302674494608e+00
7.750000000000000222e-01,2.311186904624299210e+00
7.760000000000000231e-01,2.312394292243998617e+00
7.770000000000000240e-01,2.313598447112225287e+00
7.780000000000000249e-01,2.314799351094763757e+00
7.790000000000000258e-01,2.315996986346160469e+00
7.800000000000000266e-01,2.317191335311309608e+00
7.810000000000000275e-01,2.318382380727012748e+00
7.820000000000000284e-01,2.319570105623510514e+00
7.830000000000000293e-01,2.320754493325992929e+00
7.840000000000000302e-01,2.321935527456077786e+00
7.850000000000000311e-01,2.323113191933266819e+00
7.860000000000000320e-01,2.324287470976374337e+00
7.870000000000000329e-01,2.325458349104927436e+00
7.880000000000000338e-01,2.326625811140543121e+00
7.890000000000000346e-01,2.327789842208275228e+00
7.900000000000000355e-01,2.328950427737935591e+00
7.910000000000000364e-01,2.330107553465388559e+00
7.920000000000000373e-01,2.331261205433819317e+00
7.930000000000000382e-01,2.332411369994971118e+00
7.940000000000000391e-01,2.333558033810359422e+00
7.950000000000000400e-01,2.334701183852455841e+00
7.960000000000000409e-01,2.335840807405846764e+00
7.970000000000000417e-01,2.336976892068360456e+00
7.980000000000000426e-01,2.338109425752169734e+00
7.990000000000000435e-01,2.339238396684867105e+00
8.000000000000000444e-01,2.340363793410508819e+00
8.010000000000000453e-01,2.341485604790631836e+00
8.020000000000000462e-01,2.342603820005245918e+00
8.030000000000000471e-01,2.343718428553791533e+00
8.040000000000000480e-01,2.344829420256075103e+00
8.050000000000000488e-01,2.345936785253171397e+00
8.060000000000000497e-01,2.347040514008301493e+00
8.070000000000000506e-01,2.348140597307676547e+00
8.080000000000000515e-01,2.349237026261319805e+00
8.090000000000000524e-01,2.350329792303853971e+00
8.100000000000000533e-01,2.351418887195262375e+00
8.110000000000000542e-01,2.352504303021622167e+00
8.120000000000000551e-01,2.353586032195805533e+00
8.130000000000000560e-01,2.354664067458154708e+00
8.140000000000000568e-01,2.355738401877126353e+00
8.150000000000000577e-01,2.356809028849907506e+00
8.160000000000000586e-01,2.357875942103002664e+00
8.170000000000000595e-01,2.358939135692788902e+00
8.180000000000000604e-01,2.359998604006046552e+00
8.190000000000000613e-01,2.361054341760456587e+00
8.200000000000000622e-01,2.362106344005068692e+00
8.210000000000000631e-01,2.363154606120743573e+00
8.220000000000000639e-01,2.364199123820560189e+00
8.230000000000000648e-01,2.365239893150199890e+00
8.240000000000000657e-01,2.366276910488294583e+00
8.250000000000000666e-01,2.367310172546750024e+00
8.260000000000000675e-01,2.368339676371038482e+00
8.270000000000000684e-01,2.369365419340459411e+00
8.280000000000000693e-01,2.370387399168373488e+00
8.290000000000000702e-01,2.371405613902405118e+00
8.300000000000000711e-01,2.372420061924616519e+00
8.310000000000000719e-01,2.373430741951650269e+00
8.320000000000000728e-01,2.374437653034845663e+00
8.329999999999999627e-01,2.375440794560319535e+00
8.339999999999999636e-01,2.376440166249023545e+00
8.349999999999999645e-01,2.377435768156768159e+00
8.359999999999999654e-01,2.378427600674216880e+00
8.369999999999999662e-01,2.379415664526853380e+00
8.379999999999999671e-01,2.380399960774914891e+00
8.389999999999999680e-01,2.381380490813299389e+00
8.399999999999999689e-01,2.382357256371442134e+00
8.409999999999999698e-01,2.383330259513159355e+00
8.419999999999999707e-01,2.384299502636469281e+00
8.429999999999999716e-01,2.385264988473374981e+00
8.439999999999999725e-01,2.386226720089624109e+00
8.449999999999999734e-01,2.387184700884435795e+00
8.459999999999999742e-01,2.388138934590198659e+00
8.469999999999999751e-01,2.389089425272139522e+00
8.479999999999999760e-01,2.390036177327962363e+00
8.489999999999999769e-01,2.390979195487457964e+00
8.499999999999999778e-01,2.391918484812082468e+00
8.509999999999999787e-01,2.392854050694508850e+00
8.519999999999999796e-01,2.393785898858148187e+00
8.529999999999999805e-01,2.394714035356640291e+00
8.539999999999999813e-01,2.395638466573317693e+00
8.549999999999999822e-01,2.396559199220636316e+00
8.559999999999999831e-01,2.397476240339580400e+00
8.569999999999999840e-01,2.398389597299038112e+00
8.579999999999999849e-01,2.399299277795144736e+00
8.589999999999999858e-01,2.400205289850600998e+00
8.599999999999999867e-01,2.401107641813959859e+00
8.609999999999999876e-01,2.402006342358883995e+00
8.619999999999999885e-01,2.402901400483377081e+00
8.629999999999999893e-01,2.403792825508983100e+00
8.639999999999999902e-01,2.404680627079959443e+00
8.649999999999999911e-01,2.405564815162418935e+00
8.659999999999999920e-01,2.406445400043445648e+00
8.669999999999999929e-01,2.407322392330181415e+00
8.679999999999999938e-01,2.408195802948882580e+00
8.689999999999999947e-01,2.409065643143949220e+00
8.699999999999999956e-01,2.409931924476928167e+00
8.709999999999999964e-01,2.410794658825484937e+00
8.719999999999999973e-01,2.411653858382348137e+00
8.729999999999999982e-01,2.412509535654227211e+00
8.739999999999999991e-01,2.413361703460701335e+00
8.750000000000000000e-01,2.414210374933080772e+00
8.760000000000000009e-01,2.415055563513240244e+00
8.770000000000000018e-01,2.415897282952425229e+00
8.780000000000000027e-01,2.416735547310030707e+00
8.790000000000000036e-01,2.417570370952351055e+00
8.800000000000000044e-01,2.418401768551305508e+00
8.810000000000000053e-01,2.419229755083134759e+00
8.820000000000000062e-01,2.420054345827069131e+00
8.830000000000000071e-01,2.420875556363972780e+00
8.840000000000000080e-01,2.421693402574960352e+00
8.850000000000000089e-01,2.422507900639983891e+00
8.860000000000000098e-01,2.423319067036397989e+00
8.870000000000000107e-01,2.424126918537495623e+00
8.880000000000000115e-01,2.424931472211016903e+00
8.890000000000000124e-01,2.425732745417635172e+00
8.900000000000000133e-01,2.426530755809412909e+00
8.910000000000000142e-01,2.427325521328235425e+00
8.920000000000000151e-01,2.428117060204215250e+00
8.930000000000000160e-01,2.428905390954075649e+00
8.940000000000000169e-01,2.429690532379503054e+00
8.950000000000000178e-01,2.430472503565478171e+00
8.960000000000000187e-01,2.431251323878580450e+00
8.970000000000000195e-01,2.432027012965269908e+00
8.980000000000000204e-01,2.432799590750137853e+00
8.990000000000000213e-01,2.433569077434140304e+00
9.000000000000000222e-01,2.434335493492803426e+00
9.010000000000000231e-01,2.435098859674403204e+00
9.020000000000000240e-01,2.435859196998123810e+00
9.030000000000000249e-01,2.436616526752189760e+00
9.040000000000000258e-01,2.437370870491975428e+00
9.050000000000000266e-01,2.438122250038090133e+00
9.060000000000000275e-01,2.438870687474440579e+00
9.070000000000000284e-01,2.439616205146267536e+00
9.080000000000000293e-01,2.440358825658163422e+00
9.090000000000000302e-01,2.441098571872062362e+00
9.100000000000000311e-01,2.441835466905210694e+00
9.110000000000000320e-01,2.442569534128112174e+00
9.120000000000000329e-01,2.443300797162454518e+00
9.130000000000000338e-01,2.444029279879008421e+00
9.140000000000000346e-01,2.444755006395508801e+00
9.150000000000000355e-01,2.445478001074512964e+00
9.160000000000000364e-01,2.446198288521234776e+00
9.170000000000000373e-01,2.446915893581360635e+00
9.180000000000000382e-01,2.447630841338841456e+00
9.190000000000000391e-01,2.448343157113666457e+00
9.200000000000000400e-01,2.449052866459611622e+00
9.210000000000000409e-01,2.449759995161971293e+00
9.220000000000000417e-01,2.450464569235267120e+00
9.230000000000000426e-01,2.451166614920938791e+00
9.240000000000000435e-01,2.451866158685010788e+00
9.250000000000000444e-01,2.452563227215743602e+00
9.260000000000000453e-01,2.453257847421261850e+00
9.270000000000000462e-01,2.453950046427164633e+00
9.280000000000000471e-01,2.454639851574115461e+00
9.290000000000000480e-01,2.455327290415415753e+00
9.300000000000000488e-01,2.456012390714553462e+00
9.310000000000000497e-01,2.456695180442742377e+00
9.320000000000000506e-01,2.457375687776432116e+00
9.330000000000000515e-01,2.458053941094808792e+00
9.340000000000000524e-01,2.458729968977272584e+00
9.350000000000000533e-01,2.459403800200901102e+00
9.360000000000000542e-01,2.460075463737890544e+00
9.370000000000000551e-01,2.460744988752983531e+00
9.380000000000000560e-01,2.461412404600880066e+00
9.390000000000000568e-01,2.462077740823627181e+00
9.400000000000000577e-01,2.462741027147996142e+00
9.410000000000000586e-01,2.463402293482843231e+00
9.420000000000000595e-01,2.464061569916450534e+00
9.430000000000000604e-01,2.464718886713856083e+00
9.440000000000000613e-01,2.465374274314162673e+00
9.450000000000000622e-01,2.466027763327836464e+00
9.460000000000000631e-01,2.466679384533986941e+00
9.470000000000000639e-01,2.467329168877632650e+00
9.480000000000000648e-01,2.467977147466953181e+00
9.490000000000000657e-01,2.468623351570526037e+00
9.500000000000000666e-01,2.469267812614548419e+00
9.510000000000000675e-01,2.469910562180045677e+00
9.520000000000000684e-01,2.470551632000067777e+00
9.530000000000000693e-01,2.471191053956867556e+00
9.540000000000000702e-01,2.471828860079072765e+00
9.550000000000000711e-01,2.472465082538837677e+00
9.560000000000000719e-01,2.473099753648986265e+00
9.570000000000000728e-01,2.473732905860143383e+00
9.580000000000000737e-01,2.474364571757850406e+00
9.590000000000000746e-01,2.474994784059672881e+00
9.599999999999999645e-01,2.475623575612291294e+00
9.609999999999999654e-01,2.476250979388586515e+00
9.619999999999999662e-01,2.476877028484710586e+00
9.629999999999999671e-01,2.477501756117143294e+00
9.639999999999999680e-01,2.478125195619747423e+00
9.649999999999999689e-01,2.478747380440803560e+00
9.659999999999999698e-01,2.479368344140040037e+00
9.669999999999999707e-01,2.479988120385653083e+00
9.679999999999999716e-01,2.480606742951314558e+00
9.689999999999999725e-01,2.481224245713173460e+00
9.699999999999999734e-01,2.481840662646846773e+00
9.709999999999999742e-01,2.482456027824399669e+00
9.719999999999999751e-01,2.483070375411321251e+00
9.729999999999999760e-01,2.483683739663488765e+00
9.739999999999999769e-01,2.484296154924124700e+00
9.749999999999999778e-01,2.484907655620747224e+00
9.759999999999999787e-01,2.485518276262110415e+00
9.769999999999999796e-01,2.486128051435140485e+00
9.779999999999999805e-01,2.486737015801862682e+00
9.789999999999999813e-01,2.487345204096322870e+00
9.799999999999999822e-01,2.487952651121502434e+00
9.809999999999999831e-01,2.488559391746226535e+00
9.819999999999999840e-01,2.489165460902066584e+00
9.829999999999999849e-01,2.489770893580237843e+00
9.839999999999999858e-01,2.490375724828491233e+00
9.849999999999999867e-01,2.490979989748000278e+00
9.859999999999999876e-01,2.491583723490243152e+00
9.869999999999999885e-01,2.492186961253879840e+00
9.879999999999999893e-01,2.492789738281626200e+00
9.889999999999999902e-01,2.493392089857124017e+00
9.899999999999999911e-01,2.493994051301805293e+00
9.909999999999999920e-01,2.494595657971755642e+00
9.919999999999999929e-01,2.495196945254574583e+00
9.929999999999999938e-01,2.495797948566230939e+00
9.939999999999999947e-01,2.496398703347917802e+00
9.949999999999999956e-01,2.496999245062903494e+00
9.959999999999999964e-01,2.497599609193382975e+00
9.969999999999999973e-01,2.498199831237324808e+00
9.979999999999999982e-01,2.498799946705318575e+00
9.989999999999999991e-01,2.499399991117420505e+00
1.000000000000000000e+00,2.499999999999998668e+00

